ECO00026 4 40 2
ECO00816 7 26 3
ECO00964 3 22 2
ECO01157 4 32 2
ECO01194 4 26 2
ECO01206 7 17 3
ECO01212 4 32 2
ECO01215 4 20 2
ECO01227 6 23 3
ECO03612 22 26 2
ECO03705 3 7 3
ECO03706 3 7 3
ECO03817 4 13 2
ECO03818 8 27 3
ECO03819 6 31 3
ECO03820 8 22 3
ECO03826 6 29 2
ECO03832 8 20 3
ECO03833 8 20 3
ECO03836 4 21 2
ECO03842 4 16 2
ECO03846 4 13 2
ECO03852 24 24 4
ECO04788 2 2 2
ECO05182 4 6 2
ECO06153 7 15 3
ECO06155 7 17 3
ECO06162 9 22 4
ECO06164 8 34 2
ECO06165 10 31 2
ECO06167 7 31 2
ECO06177 4 26 2
ECO06179 4 34 2
ECO06189 4 13 2
ECO06662 4 4 2
ECO06838 2 24 2
ECO06912 4 24 2
ECO06922 7 14 3
ECO08771 6 19 2
ECO08772 3 20 2
ECO09972 4 16 2
ECO11481 4 20 2
ECO11567 4 5 2
ECO11573 4 19 2
ECO11586 4 22 2
ECO11590 4 4 2
ECO11642 4 6 2
ECO12028 4 4 2
ECO12252 4 21 2
ECO12932 4 23 2
ECO13577 3 9 3
